
 etall    1, NO =    4, NV =    5, INA =   15
 *********************************************

    I  COEFFICIENT          ORDER   EXPONENTS
     1   0.2412590327431        1     1 0  0 0  0
  0.241259032743113     
     2    12.32443783376        1     0 1  0 0  0
   12.3244378337607     
     3    1.762684311229        1     0 0  0 0  1
   1.76268431122870     
     4  -0.2819514092270        2     2 0  0 0  0
 -0.281951409226956     
     5   -1.650791520126        2     1 1  0 0  0
  -1.65079152012617     
     6   -21.48872177463        2     0 2  0 0  0
  -21.4887217746290     
     7  -0.8006617388571E-01    2     0 0  2 0  0
 -8.006617388571065E-002
     8   -1.525415669542        2     0 0  1 1  0
  -1.52541566954152     
     9   -3.367444685811        2     1 0  0 0  1
  -3.36744468581098     
    10    5.271494935075        2     0 1  0 0  1
   5.27149493507460     
    11   -7.983899787564        2     0 0  0 2  0
  -7.98389978756434     
    12    9.312079249930        2     0 0  0 0  2
   9.31207924992990     
    13   -15.16376948138        3     3 0  0 0  0
  -15.1637694813838     
    14    36.07371024869        3     2 1  0 0  0
   36.0737102486941     
    15   -2502.183083745        3     1 2  0 0  0
  -2502.18308374457     
    16    7542.185959116        3     0 3  0 0  0
   7542.18595911600     
    17   -1.029948977734        3     1 0  2 0  0
  -1.02994897773379     
    18    5.224868296778        3     0 1  2 0  0
   5.22486829677812     
    19   -7.368750659265        3     1 0  1 1  0
  -7.36875065926509     
    20   -296.5834084661        3     0 1  1 1  0
  -296.583408466075     
    21    100.0340974315        3     2 0  0 0  1
   100.034097431489     
    22   -207.8850542595        3     1 1  0 0  1
  -207.885054259476     
    23    5387.764896245        3     0 2  0 0  1
   5387.76489624510     
    24    1.246289775334        3     0 0  2 0  1
   1.24628977533408     
    25   -39.65169355003        3     1 0  0 2  0
  -39.6516935500274     
    26   -426.8066767784        3     0 1  0 2  0
  -426.806676778430     
    27    63.01762910729        3     0 0  1 1  1
   63.0176291072878     
    28   -586.9918837398        3     1 0  0 0  2
  -586.991883739814     
    29    1190.968552362        3     0 1  0 0  2
   1190.96855236186     
    30    391.7023880716        3     0 0  0 2  1
   391.702388071602     
    31    1003.696314845        3     0 0  0 0  3
   1003.69631484491     
    32   -9.537257693662        4     4 0  0 0  0
  -9.53725769366214     
    33   -80.46198149333        4     3 1  0 0  0
  -80.4619814933349     
    34   -1316.841227286        4     2 2  0 0  0
  -1316.84122728555     
    35   -10093.25984826        4     1 3  0 0  0
  -10093.2598482620     
    36   -82935.28428338        4     0 4  0 0  0
  -82935.2842833757     
    37   -1.154618115143        4     2 0  2 0  0
  -1.15461811514340     
    38   -2.894148758270        4     1 1  2 0  0
  -2.89414875826991     
    39   -78.64601288519        4     0 2  2 0  0
  -78.6460128851887     
    40  -0.6044400031288        4     0 0  4 0  0
 -0.604440003128815     
    41   -33.91663473572        4     2 0  1 1  0
  -33.9166347357243     
    42    155.9759046419        4     1 1  1 1  0
   155.975904641936     
    43   -2073.155882952        4     0 2  1 1  0
  -2073.15588295153     
    44    26.59726341214        4     0 0  3 1  0
   26.5972634121382     
    45    169.6806289792        4     3 0  0 0  1
   169.680628979234     
    46   -729.9640605526        4     2 1  0 0  1
  -729.964060552596     
    47    24205.16394515        4     1 2  0 0  1
   24205.1639451533     
    48   -202773.5554169        4     0 3  0 0  1
  -202773.555416941     
    49    15.75648003577        4     1 0  2 0  1
   15.7564800357656     
    50   -193.0956422026        4     0 1  2 0  1
  -193.095642202564     
    51   -2351.362201679        4     2 0  0 2  0
  -2351.36220167871     
    52    51.31461830544        4     1 1  0 2  0
   51.3146183054428     
    53   -146357.0757100        4     0 2  0 2  0
  -146357.075709976     
    54    36.81034924830        4     0 0  2 2  0
   36.8103492482974     
    55    495.2606436520        4     1 0  1 1  1
   495.260643652021     
    56   -4818.272279747        4     0 1  1 1  1
  -4818.27227974651     
    57   -1011.840979544        4     2 0  0 0  2
  -1011.84097954398     
    58    2639.476800067        4     1 1  0 0  2
   2639.47680006737     
    59   -61789.87523390        4     0 2  0 0  2
  -61789.8752339027     
    60   -17.91420787573        4     0 0  2 0  2
  -17.9142078757344     
    61    14805.95237986        4     0 0  1 3  0
   14805.9523798564     
    62    23463.83896194        4     1 0  0 2  1
   23463.8389619373     
    63    5292.186047889        4     0 1  0 2  1
   5292.18604788878     
    64   -490.5676887647        4     0 0  1 1  2
  -490.567688764720     
    65    2780.987314004        4     1 0  0 0  3
   2780.98731400404     
    66   -27145.86569652        4     0 1  0 0  3
  -27145.8656965170     
    67    146083.4958072        4     0 0  0 4  0
   146083.495807239     
    68   -69516.62144993        4     0 0  0 2  2
  -69516.6214499323     
    69   -2923.817230735        4     0 0  0 0  4
  -2923.81723073509     
                                      

 etall    1, NO =    4, NV =    5, INA =   19
 *********************************************

    I  COEFFICIENT          ORDER   EXPONENTS
     1  -0.7612636270155E-01    1     1 0  0 0  0
 -7.612636270155192E-002
     2   0.2560955943165        1     0 1  0 0  0
  0.256095594316456     
     3   0.1769463348167        1     0 0  0 0  1
  0.176946334816732     
     4  -0.1529649987833E-01    2     2 0  0 0  0
 -1.529649987833177E-002
     5  -0.4433398451393        2     1 1  0 0  0
 -0.443339845139329     
     6   -3.667090615169        2     0 2  0 0  0
  -3.66709061516882     
     7  -0.8159961303089E-03    2     0 0  2 0  0
 -8.159961303088631E-004
     8  -0.3229806915955E-01    2     0 0  1 1  0
 -3.229806915955338E-002
     9  -0.1091274484099        2     1 0  0 0  1
 -0.109127448409942     
    10   -3.663475025587        2     0 1  0 0  1
  -3.66347502558737     
    11   -4.531916587610        2     0 0  0 2  0
  -4.53191658760963     
    12   0.3341312055530        2     0 0  0 0  2
  0.334131205553043     
    13  -0.3380965330822        3     3 0  0 0  0
 -0.338096533082221     
    14   -15.73447290227        3     2 1  0 0  0
  -15.7344729022676     
    15   -58.38219829844        3     1 2  0 0  0
  -58.3821982984415     
    16   -2479.024076155        3     0 3  0 0  0
  -2479.02407615546     
    17   0.1034523863837E-01    3     1 0  2 0  0
  1.034523863837135E-002
    18  -0.3800094843218E-01    3     0 1  2 0  0
 -3.800094843217930E-002
    19   -1.648574671247        3     1 0  1 1  0
  -1.64857467124696     
    20    11.28169611613        3     0 1  1 1  0
   11.2816961161299     
    21    2.235612588191        3     2 0  0 0  1
   2.23561258819081     
    22    66.95872002104        3     1 1  0 0  1
   66.9587200210355     
    23    61.70341295566        3     0 2  0 0  1
   61.7034129556626     
    24  -0.1951797420494E-01    3     0 0  2 0  1
 -1.951797420493932E-002
    25   -11.21173945626        3     1 0  0 2  0
  -11.2117394562598     
    26   -451.1454135035        3     0 1  0 2  0
  -451.145413503527     
    27    2.573348887917        3     0 0  1 1  1
   2.57334888791746     
    28   -12.41162824361        3     1 0  0 0  2
  -12.4116282436113     
    29   -440.2580183320        3     0 1  0 0  2
  -440.258018332018     
    30    11.25086763129        3     0 0  0 2  1
   11.2508676312884     
    31    20.08677953862        3     0 0  0 0  3
   20.0867795386243     
    32   0.2390466474991        4     4 0  0 0  0
  0.239046647499134     
    33   -3.276589092682        4     3 1  0 0  0
  -3.27658909268153     
    34   -40.75223879203        4     2 2  0 0  0
  -40.7522387920314     
    35   -22.65263965833        4     1 3  0 0  0
  -22.6526396583262     
    36   -10974.46221148        4     0 4  0 0  0
  -10974.4622114797     
    37   0.5953085192326E-03    4     2 0  2 0  0
  5.953085192326180E-004
    38  -0.7404707370947        4     1 1  2 0  0
 -0.740470737094724     
    39   -8.381402705301        4     0 2  2 0  0
  -8.38140270530132     
    40   0.6106011945894E-02    4     0 0  4 0  0
  6.106011945893802E-003
    41  -0.1766963149293        4     2 0  1 1  0
 -0.176696314929325     
    42   -26.65163742484        4     1 1  1 1  0
  -26.6516374248419     
    43    138.8270915718        4     0 2  1 1  0
   138.827091571768     
    44   -1.324846675556        4     0 0  3 1  0
  -1.32484667555614     
    45    5.557002715781        4     3 0  0 0  1
   5.55700271578086     
    46    112.6482760311        4     2 1  0 0  1
   112.648276031089     
    47    1516.375406425        4     1 2  0 0  1
   1516.37540642486     
    48    17733.96764162        4     0 3  0 0  1
   17733.9676416228     
    49   0.7092250542208E-01    4     1 0  2 0  1
  7.092250542208375E-002
    50    31.38148755156        4     0 1  2 0  1
   31.3814875515574     
    51   -50.49095466126        4     2 0  0 2  0
  -50.4909546612563     
    52   -1478.200652053        4     1 1  0 2  0
  -1478.20065205313     
    53   -1097.331260537        4     0 2  0 2  0
  -1097.33126053680     
    54   -9.366831011573        4     0 0  2 2  0
  -9.36683101157310     
    55   -26.64232996416        4     1 0  1 1  1
  -26.6423299641644     
    56   -116.7943226641        4     0 1  1 1  1
  -116.794322664134     
    57   -36.43405012120        4     2 0  0 0  2
  -36.4340501212031     
    58   -416.5705016586        4     1 1  0 0  2
  -416.570501658552     
    59   -5383.614196487        4     0 2  0 0  2
  -5383.61419648693     
    60   -1.128335742331        4     0 0  2 0  2
  -1.12833574233145     
    61   -709.5034723578        4     0 0  1 3  0
  -709.503472357798     
    62    750.9618498678        4     1 0  0 2  1
   750.961849867782     
    63    7068.908607906        4     0 1  0 2  1
   7068.90860790586     
    64    72.53885302718        4     0 0  1 1  2
   72.5388530271765     
    65    214.9446405093        4     1 0  0 0  3
   214.944640509328     
    66    725.4420751112        4     0 1  0 0  3
   725.442075111216     
    67   -3240.692417175        4     0 0  0 4  0
  -3240.69241717465     
    68   -1503.288208043        4     0 0  0 2  2
  -1503.28820804264     
    69   -382.5083490815        4     0 0  0 0  4
  -382.508349081528     
                                      

 etall    1, NO =    4, NV =    5, INA =   20
 *********************************************

    I  COEFFICIENT          ORDER   EXPONENTS
     1  -0.3756208273100        1     0 0  1 0  0
 -0.375620827310026     
     2    19.72397597329        1     0 0  0 1  0
   19.7239759732894     
     3  -0.2947526637457        2     1 0  1 0  0
 -0.294752663745677     
     4   0.4093674503438        2     0 1  1 0  0
  0.409367450343806     
     5   -3.722102544323        2     1 0  0 1  0
  -3.72210254432346     
     6   -40.56934658596        2     0 1  0 1  0
  -40.5693465859582     
     7    17.33204398754        2     0 0  1 0  1
   17.3320439875432     
     8    163.5581632505        2     0 0  0 1  1
   163.558163250479     
     9   -1.716730721632        3     2 0  1 0  0
  -1.71673072163223     
    10    6.850569857449        3     1 1  1 0  0
   6.85056985744868     
    11   -8.404762758396        3     0 2  1 0  0
  -8.40476275839561     
    12    11.09676604139        3     0 0  3 0  0
   11.0967660413861     
    13   -11.28768359466        3     2 0  0 1  0
  -11.2876835946629     
    14   -500.7215644917        3     1 1  0 1  0
  -500.721564491736     
    15    49.53241984595        3     0 2  0 1  0
   49.5324198459514     
    16    144.0266677557        3     0 0  2 1  0
   144.026667755676     
    17    5.423612411577        3     1 0  1 0  1
   5.42361241157682     
    18   -26.58645692805        3     0 1  1 0  1
  -26.5864569280521     
    19    5554.391878800        3     0 0  1 2  0
   5554.39187880020     
    20    179.6810394580        3     1 0  0 1  1
   179.681039457989     
    21    2046.555305131        3     0 1  0 1  1
   2046.55530513099     
    22   -3.890852145765        3     0 0  1 0  2
  -3.89085214576464     
    23    53539.23372682        3     0 0  0 3  0
   53539.2337268218     
    24   -4207.922621074        3     0 0  0 1  2
  -4207.92262107430     
    25   -2.402128644676        4     3 0  1 0  0
  -2.40212864467557     
    26   -73.32660396230        4     2 1  1 0  0
  -73.3266039623048     
    27   -454.1657486172        4     1 2  1 0  0
  -454.165748617157     
    28   -10168.88748580        4     0 3  1 0  0
  -10168.8874857992     
    29  -0.4773547998879        4     1 0  3 0  0
 -0.477354799887888     
    30    12.34189868533        4     0 1  3 0  0
   12.3418986853327     
    31   -11.06166451794        4     3 0  0 1  0
  -11.0616645179377     
    32   -797.2609811175        4     2 1  0 1  0
  -797.260981117516     
    33   -4649.950107068        4     1 2  0 1  0
  -4649.95010706765     
    34   -114243.0720972        4     0 3  0 1  0
  -114243.072097200     
    35    90.90144137673        4     1 0  2 1  0
   90.9014413767265     
    36    2386.024842965        4     0 1  2 1  0
   2386.02484296526     
    37    28.32006971819        4     2 0  1 0  1
   28.3200697181908     
    38    295.3845658131        4     1 1  1 0  1
   295.384565813094     
    39    6890.289809625        4     0 2  1 0  1
   6890.28980962535     
    40    68.18763167444        4     0 0  3 0  1
   68.1876316744436     
    41   -709.8481696434        4     1 0  1 2  0
  -709.848169643397     
    42    15151.45868439        4     0 1  1 2  0
   15151.4586843904     
    43    770.3527486544        4     2 0  0 1  1
   770.352748654442     
    44   -1834.714099296        4     1 1  0 1  1
  -1834.71409929604     
    45    110657.5141894        4     0 2  0 1  1
   110657.514189355     
    46   -4417.044795038        4     0 0  2 1  1
  -4417.04479503755     
    47   -97.90164099053        4     1 0  1 0  2
  -97.9016409905340     
    48   -1950.877716720        4     0 1  1 0  2
  -1950.87771672018     
    49    33089.89745591        4     1 0  0 3  0
   33089.8974559065     
    50    217987.4350743        4     0 1  0 3  0
   217987.435074343     
    51    13873.12482651        4     0 0  1 2  1
   13873.1248265091     
    52   -2988.195824873        4     1 0  0 1  2
  -2988.19582487318     
    53    6541.575540637        4     0 1  0 1  2
   6541.57554063661     
    54   -1078.448710508        4     0 0  1 0  3
  -1078.44871050760     
    55   -2242131.581741        4     0 0  0 3  1
  -2242131.58174113     
    56    21244.55659821        4     0 0  0 1  3
   21244.5565982110     
                                      

 etall    1, NO =    4, NV =    5, INA =   21
 *********************************************

    I  COEFFICIENT          ORDER   EXPONENTS
     1  -0.4163700371122E-01    1     0 0  1 0  0
 -4.163700371122431E-002
     2  -0.4758861229293        1     0 0  0 1  0
 -0.475886122929260     
     3   0.8290496267136E-03    2     1 0  1 0  0
  8.290496267135607E-004
     4  -0.1025227378638E-01    2     0 1  1 0  0
 -1.025227378638044E-002
     5  -0.8269150094513E-01    2     1 0  0 1  0
 -8.269150094512781E-002
     6   -4.477341507841        2     0 1  0 1  0
  -4.47734150784101     
     7  -0.3766820220632        2     0 0  1 0  1
 -0.376682022063230     
     8    15.95135134078        2     0 0  0 1  1
   15.9513513407769     
     9   0.1709219830630E-01    3     2 0  1 0  0
  1.709219830629500E-002
    10   -1.134949364243        3     1 1  1 0  0
  -1.13494936424314     
    11    5.347433358679        3     0 2  1 0  0
   5.34743335867946     
    12  -0.2285102111993        3     0 0  3 0  0
 -0.228510211199263     
    13   0.9934551007150E-01    3     2 0  0 1  0
  9.934551007150447E-002
    14   -1.175631463129        3     1 1  0 1  0
  -1.17563146312876     
    15   -270.6435695462        3     0 2  0 1  0
  -270.643569546222     
    16    9.793174318501        3     0 0  2 1  0
   9.79317431850088     
    17  -0.1043338940706        3     1 0  1 0  1
 -0.104333894070578     
    18    1.555309788812        3     0 1  1 0  1
   1.55530978881163     
    19   -79.12158555806        3     0 0  1 2  0
  -79.1215855580593     
    20   -1.901719715758        3     1 0  0 1  1
  -1.90171971575815     
    21   -46.55959216982        3     0 1  0 1  1
  -46.5595921698226     
    22    7.940834470474        3     0 0  1 0  2
   7.94083447047419     
    23    4985.776463741        3     0 0  0 3  0
   4985.77646374088     
    24    21.56543678388        3     0 0  0 1  2
   21.5654367838765     
    25   0.3079742383766E-01    4     3 0  1 0  0
  3.079742383765627E-002
    26   0.5488377923481        4     2 1  1 0  0
  0.548837792348055     
    27   -3.221176339675        4     1 2  1 0  0
  -3.22117633967463     
    28    40.94804202676        4     0 3  1 0  0
   40.9480420267618     
    29  -0.5194870963692E-01    4     1 0  3 0  0
 -5.194870963691651E-002
    30   -1.204315173973        4     0 1  3 0  0
  -1.20431517397317     
    31   0.6942403220845        4     3 0  0 1  0
  0.694240322084458     
    32   -12.91247209338        4     2 1  0 1  0
  -12.9124720933763     
    33    277.0209632515        4     1 2  0 1  0
   277.020963251530     
    34   -1546.445003258        4     0 3  0 1  0
  -1546.44500325827     
    35   -1.118373245961        4     1 0  2 1  0
  -1.11837324596122     
    36   -56.26264692959        4     0 1  2 1  0
  -56.2626469295924     
    37   -1.289839308547        4     2 0  1 0  1
  -1.28983930854714     
    38   -9.883370760609        4     1 1  1 0  1
  -9.88337076060931     
    39   -239.1007149625        4     0 2  1 0  1
  -239.100714962493     
    40    9.151145304423        4     0 0  3 0  1
   9.15114530442268     
    41    9.938368698336        4     1 0  1 2  0
   9.93836869833559     
    42    1080.057465504        4     0 1  1 2  0
   1080.05746550420     
    43    29.02875712455        4     2 0  0 1  1
   29.0287571245453     
    44    150.3031803013        4     1 1  0 1  1
   150.303180301272     
    45    1458.106615777        4     0 2  0 1  1
   1458.10661577667     
    46    116.9690461083        4     0 0  2 1  1
   116.969046108275     
    47    6.372620888304        4     1 0  1 0  2
   6.37262088830423     
    48    39.01996075092        4     0 1  1 0  2
   39.0199607509216     
    49   -841.7072209059        4     1 0  0 3  0
  -841.707220905857     
    50   -15420.08964600        4     0 1  0 3  0
  -15420.0896459955     
    51    4729.098688269        4     0 0  1 2  1
   4729.09868826888     
    52   -101.7300553437        4     1 0  0 1  2
  -101.730055343671     
    53    58.18416909084        4     0 1  0 1  2
   58.1841690908422     
    54   -36.94305027116        4     0 0  1 0  3
  -36.9430502711636     
    55    36206.04781329        4     0 0  0 3  1
   36206.0478132925     
    56   -1186.531808209        4     0 0  0 1  3
  -1186.53180820901     
                                      

 etall    1, NO =    4, NV =    5, INA =   22
 *********************************************

    I  COEFFICIENT          ORDER   EXPONENTS
     1    1.000000000000        1     0 0  0 0  1
   1.00000000000000     
                                      

 etall    1, NO =    4, NV =    5, INA =   30
 *********************************************

    I  COEFFICIENT          ORDER   EXPONENTS
     1   0.1768766467902        1     1 0  0 0  0
  0.176876646790228     
     2    1.729348417083        1     0 1  0 0  0
   1.72934841708329     
     3    16.57342001289        1     0 0  0 0  1
   16.5734200128945     
     4  -0.1642670171962        2     2 0  0 0  0
 -0.164267017196153     
     5   0.6819974791723E-02    2     1 1  0 0  0
  6.819974791723190E-003
     6   -20.58856588107        2     0 2  0 0  0
  -20.5885658810658     
     7   0.4188429238614        2     0 0  2 0  0
  0.418842923861362     
     8   0.6054266509190        2     0 0  1 1  0
  0.605426650918956     
     9    1.175514034278        2     1 0  0 0  1
   1.17551403427805     
    10    10.85671526260        2     0 1  0 0  1
   10.8567152625975     
    11    202.8051818487        2     0 0  0 2  0
   202.805181848661     
    12    4.730567073722        2     0 0  0 0  2
   4.73056707372201     
    13   0.6171542746358        3     3 0  0 0  0
  0.617154274635813     
    14    34.73962033285        3     2 1  0 0  0
   34.7396203328525     
    15    93.57940691031        3     1 2  0 0  0
   93.5794069103120     
    16    5563.227646262        3     0 3  0 0  0
   5563.22764626190     
    17  -0.1365556182128E-01    3     1 0  2 0  0
 -1.365556182128363E-002
    18   0.4552790914694        3     0 1  2 0  0
  0.455279091469375     
    19    5.018150553458        3     1 0  1 1  0
   5.01815055345769     
    20    44.30115593608        3     0 1  1 1  0
   44.3011559360769     
    21   -33.82351989757        3     2 0  0 0  1
  -33.8235198975661     
    22   -165.8503391275        3     1 1  0 0  1
  -165.850339127511     
    23   -4832.416391873        3     0 2  0 0  1
  -4832.41639187286     
    24   -2.928123776924        3     0 0  2 0  1
  -2.92812377692429     
    25  -0.5679084940614        3     1 0  0 2  0
 -0.567908494061372     
    26    843.2222803729        3     0 1  0 2  0
   843.222280372901     
    27   -22.33560804199        3     0 0  1 1  1
  -22.3356080419892     
    28    161.5553903033        3     1 0  0 0  2
   161.555390303291     
    29    1030.073487803        3     0 1  0 0  2
   1030.07348780337     
    30   -1448.589457990        3     0 0  0 2  1
  -1448.58945799002     
    31   -320.8574742943        3     0 0  0 0  3
  -320.857474294255     
    32    2.292630276374        4     4 0  0 0  0
   2.29263027637354     
    33   0.3075843090940        4     3 1  0 0  0
  0.307584309094011     
    34    895.7536270268        4     2 2  0 0  0
   895.753627026754     
    35   -1142.771146756        4     1 3  0 0  0
  -1142.77114675622     
    36    70585.97879470        4     0 4  0 0  0
   70585.9787946992     
    37   0.8646726644883        4     2 0  2 0  0
  0.864672664488323     
    38    14.62202866861        4     1 1  2 0  0
   14.6220286686113     
    39    125.1479923042        4     0 2  2 0  0
   125.147992304210     
    40  -0.4305370193472        4     0 0  4 0  0
 -0.430537019347173     
    41   -19.21344223611        4     2 0  1 1  0
  -19.2134422361101     
    42    246.9127688383        4     1 1  1 1  0
   246.912768838306     
    43    3548.390162432        4     0 2  1 1  0
   3548.39016243158     
    44   -3.929866221616        4     0 0  3 1  0
  -3.92986622161600     
    45   -49.25468288066        4     3 0  0 0  1
  -49.2546828806604     
    46   -243.4547003987        4     2 1  0 0  1
  -243.454700398656     
    47   -7681.704304563        4     1 2  0 0  1
  -7681.70430456255     
    48   -37863.90461794        4     0 3  0 0  1
  -37863.9046179378     
    49   -6.197479832117        4     1 0  2 0  1
  -6.19747983211730     
    50   -109.9781477489        4     0 1  2 0  1
  -109.978147748887     
    51    457.4024472989        4     2 0  0 2  0
   457.402447298859     
    52   -2369.925154214        4     1 1  0 2  0
  -2369.92515421444     
    53    72667.03841018        4     0 2  0 2  0
   72667.0384101809     
    54   -242.6423148450        4     0 0  2 2  0
  -242.642314845030     
    55    122.2622240574        4     1 0  1 1  1
   122.262224057422     
    56   -161.4938889777        4     0 1  1 1  1
  -161.493888977683     
    57    323.6763840576        4     2 0  0 0  2
   323.676384057590     
    58    817.2069167197        4     1 1  0 0  2
   817.206916719705     
    59    35614.44167225        4     0 2  0 0  2
   35614.4416722473     
    60    19.19007127795        4     0 0  2 0  2
   19.1900712779522     
    61   -1548.370445210        4     0 0  1 3  0
  -1548.37044520976     
    62   -5973.416112187        4     1 0  0 2  1
  -5973.41611218660     
    63   -2530.979399158        4     0 1  0 2  1
  -2530.97939915803     
    64   -7.817934775650        4     0 0  1 1  2
  -7.81793477564992     
    65   -1181.686077868        4     1 0  0 0  3
  -1181.68607786796     
    66   -1599.755587490        4     0 1  0 0  3
  -1599.75558749022     
    67   -26895.08169786        4     0 0  0 4  0
  -26895.0816978584     
    68    18951.14951640        4     0 0  0 2  2
   18951.1495163954     
    69    1700.252900760        4     0 0  0 0  4
   1700.25290076048     
                                      
